10 11 12 17 18 20 26
1 3 5 12 25 26 27
2 6 21 22 25 28 32
10 11 20 23 26 35 38
4 5 13 14 28 33 36
5 8 15 20 22 24 35
1 2 12 16 17 31 37
7 8 15 20 22 24 27
8 10 14 17 25 33 34
16 20 22 24 28 30 37
1 2 3 4 11 16 21
5 12 16 19 26 34 37
4 5 11 13 20 27 35
20 23 25 30 34 39 40
7 17 20 22 34 37 38
2 9 13 19 30 31 39
4 5 20 26 35 36 37
6 12 13 29 30 31 35
1 2 4 8 24 30 39
4 5 13 28 31 35 37
5 7 16 26 34 37 38
3 5 14 16 17 28 32
1 9 12 27 32 36 37
5 12 22 32 35 36 37
3 10 11 12 15 21 22
10 11 14 23 29 32 33
1 3 4 18 20 21 37
10 11 14 21 23 30 38
9 12 20 28 33 34 38
1 12 17 18 28 36 38
1 6 8 9 16 21 27
9 13 16 22 34 37 38
4 5 9 18 21 38 40
3 4 6 9 17 23 31
8 12 18 25 26 28 36
7 19 21 22 26 29 40
7 11 16 21 35 36 38
9 14 20 22 32 36 38
13 16 19 27 30 34 37
13 15 17 20 24 34 35
7 17 20 23 24 37 40
6 12 17 18 24 31 33
5 11 15 32 33 37 40
4 12 17 21 29 31 38
1 2 6 7 11 31 40
1 6 7 13 19 32 37
2 3 10 19 21 27 33
8 15 16 19 21 29 40
3 5 19 24 31 37 39
1 8 9 16 20 31 34
5 7 13 20 21 26 35
2 8 15 17 32 33 39
8 11 27 28 30 31 33
7 25 26 29 32 38 39
3 7 15 22 23 39 40
4 7 19 23 27 28 39
1 12 26 31 32 33 39
9 11 12 16 23 30 40
10 16 24 25 26 27 31
2 9 15 27 29 32 38
4 6 8 10 15 22 27
1 3 6 10 12 23 33
2 15 17 22 26 34 39
1 4 9 10 18 24 38
1 5 14 16 23 26 32
1 8 13 25 33 36 40
5 12 16 19 22 23 31
7 18 19 20 27 28 33
5 17 18 21 27 28 34
10 11 15 17 19 31 32
7 13 20 25 29 31 34
12 16 17 20 23 24 33
7 11 16 19 24 28 40
1 3 15 18 20 28 35
4 14 17 32 34 35 37
9 14 16 22 27 29 34
8 9 12 13 16 18 30
8 9 15 19 26 28 39
6 14 16 18 23 27 33
7 9 12 13 14 18 21
4 26 28 30 31 33 40
14 19 20 30 33 36 40
2 6 9 14 24 33 40
6 12 14 25 28 38 40
2 3 5 6 23 34 36
2 10 15 18 21 24 32
4 9 17 27 32 39 40
10 17 20 21 28 32 37
5 11 12 17 24 29 39
1 6 7 15 17 23 24
20 22 23 29 31 34 38
7 9 14 28 31 35 39
16 17 25 26 29 33 37
4 10 13 21 27 31 33
14 17 23 26 30 33 40
4 12 20 21 22 35 38
3 8 25 26 29 36 37
4 10 11 13 25 35 37
5 7 8 20 25 31 40
8 24 26 28 31 38 40
